
state={
	id=414
	name="Nazonotairku"
	resources={
		chromium=0.000
		aluminium=0.000
		steel=0.000
		tungsten=0.000
		rubber=0.000
		oil=0.000
	}

	history={
		owner = SOV
		add_core_of = SOV
		victory_points = {
			 4124 50
		}
	}

	provinces={
		1742 2420 2455 3163 3422 3577 3634 3714 3772 3841 3861 3864 3919 3966 3987 4012 4064 4065 4108 4124 4145 4205 4225 4242 4273 4277 4418 4422 4434 4436 4452 4463 4534 4540 4559 4609 4611 4620 4659 4677 4699 4722 4800 4808 4816 4843 4957 5181 6268 6269 6270 6271 6272 6273 6274 6275 6276 6277 6278 6281 6283 6286 6288 6290 6291 6292 6293 
	}
	manpower=12060
	buildings_max_level_factor=1.000
	state_category=wasteland
}
